76561197964058748
76561197964558724
76561197968213437
76561197970791544
76561197981349927
76561197982343049
76561197984758059
76561197994472782
76561197994544402
76561197995835578
76561197998176564
76561197998801939
76561197999664491
76561198003098616
76561198003163863
76561198005057245
76561198008447970
76561198009606292
76561198009677757
76561198016901668
76561198017331027
76561198017520183
76561198017832286
76561198017983758
76561198024087007
76561198026858362
76561198026930974
76561198027023369
76561198027206615
76561198027698461
76561198028552920
76561198029255247
76561198029932561
76561198030538254
76561198031589144
76561198031645589
76561198035901625
76561198036747193
76561198037198787
76561198037349760
76561198038085184
76561198038483774
76561198038884457
76561198038929261
76561198039332458
76561198040601063
76561198041018418
76561198041648644
76561198041880797
76561198044518615
76561198044622888
76561198046386089
76561198047505999
76561198047826171
76561198048154122
76561198050694786
76561198051010068
76561198051420656
76561198051993760
76561198052231294
76561198052984833
76561198054176629
76561198054335805
76561198054741131
76561198055345596
76561198056705573
76561198057023779
76561198057156315
76561198057578221
76561198057756193
76561198058461919
76561198058667606
76561198059081561
76561198059578042
76561198060077127
76561198060542023
76561198060788670
76561198061072606
76561198061133114
76561198061901459
76561198062532276
76561198062578476
76561198065028653
76561198065081410
76561198065222107
76561198065943378
76561198066410608
76561198066720750
76561198067928385
76561198068586841
76561198069012096
76561198069021910
76561198069265267
76561198070166628
76561198070189408
76561198070261370
76561198070504165
76561198070598191
76561198070662711
76561198071446914
76561198071849061
76561198072302757
76561198072305002
76561198072581062
76561198072813270
76561198073293824
76561198073298305
76561198073374927
76561198073426148
76561198073727055
76561198073785433
76561198074734620
76561198074817522
76561198075465711
76561198075748278
76561198076072091
76561198077268141
76561198077346955
76561198077460082
76561198077790153
76561198077902252
76561198077963621
76561198078093065
76561198078187522
76561198078335957
76561198078524744
76561198078621742
76561198078653667
76561198079420405
76561198080188156
76561198080398610
76561198080649190
76561198081177757
76561198081263266
76561198081491884
76561198081757563
76561198081894204
76561198081970547
76561198082199034
76561198082367085
76561198082465719
76561198082668193
76561198082952315
76561198083018881
76561198083485506
76561198083575724
76561198084057403
76561198084941101
76561198085053621
76561198085407302
76561198085943828
76561198086212717
76561198086709562
76561198086876328
76561198086907032
76561198086985954
76561198087091439
76561198087898529
76561198088244403
76561198088294019
76561198088757240
76561198088806425
76561198088922159
76561198089038708
76561198089063168
76561198089262015
76561198089269722
76561198089429688
76561198089506453
76561198089613736
76561198090115691
76561198090146814
76561198090637656
76561198090944344
76561198091172177
76561198091456537
76561198091813616
76561198091969951
76561198093128153
76561198093457430
76561198093576746
76561198093840036
76561198094055928
76561198094664931
76561198095161002
76561198095236564
76561198095272387
76561198095387701
76561198095800790
76561198095887078
76561198095940583
76561198095982888
76561198096699695
76561198096984539
76561198097936759
76561198097969910
76561198098477889
76561198098762545
76561198099587751
76561198099893126
76561198100821023
76561198101059213
76561198101956148
76561198101980228
76561198102512274
76561198102534830
76561198103405756
76561198103413007
76561198103442716
76561198103566603
76561198104289903
76561198104381973
76561198104661121
76561198105000824
76561198105046144
76561198105099756
76561198105199302
76561198105204997
76561198105264648
76561198105784752
76561198105867128
76561198106052872
76561198106266983
76561198107225218
76561198108005170
76561198108254080
76561198108406514
76561198108464703
76561198108605960
76561198109323108
76561198109840162
76561198110515526
76561198110542993
76561198111026057
76561198111499714
76561198111517493
76561198111816270
76561198112029371
76561198112833890
76561198113073949
76561198113217891
76561198113544673
76561198113720637
76561198113840133
76561198113894104
76561198114029652
76561198114077541
76561198114411460
76561198115149589
76561198115697886
76561198115918509
76561198116045502
76561198116108667
76561198116186368
76561198116320624
76561198116819214
76561198117198831
76561198117727460
76561198117786556
76561198117827578
76561198118035924
76561198118620665
76561198118949174
76561198119065706
76561198119318203
76561198119347151
76561198119548300
76561198119598694
76561198119613841
76561198119710347
76561198119864838
76561198119881405
76561198119894618
76561198120160259
76561198120168941
76561198120195314
76561198120238411
76561198120487419
76561198120860868
76561198121202468
76561198121453653
76561198121522187
76561198122837818
76561198123548083
76561198123760567
76561198123770139
76561198124212493
76561198124786759
76561198124867046
76561198125665994
76561198125806818
76561198126094542
76561198126260884
76561198126628253
76561198127250312
76561198127490934
76561198127669106
76561198127682440
76561198127777158
76561198127945808
76561198128150279
76561198128247218
76561198128898701
76561198129057708
76561198129216323
76561198129824985
76561198130382727
76561198130521511
76561198130702575
76561198130737092
76561198130753619
76561198131783464
76561198132103721
76561198132307572
76561198132423335
76561198132544389
76561198132754619
76561198133587622
76561198134652787
76561198134715154
76561198134783922
76561198134862467
76561198136138760
76561198136167428
76561198136298287
76561198136317241
76561198136833716
76561198137464662
76561198137728088
76561198138183579
76561198138396310
76561198138496262
76561198138622352
76561198138766098
76561198139015024
76561198139112790
76561198139318392
76561198139461608
76561198140123054
76561198140604718
76561198140699638
76561198140811175
76561198141073185
76561198141253753
76561198141390987
76561198141467272
76561198141602696
76561198141779889
76561198141798842
76561198141859609
76561198142037671
76561198142104611
76561198142151060
76561198142684215
76561198142792486
76561198143048403
76561198143056382
76561198143077400
76561198143177314
76561198143263126
76561198143306286
76561198143539714
76561198143609484
76561198143675015
76561198143939708
76561198144234094
76561198144319938
76561198144394177
76561198144701396
76561198145200288
76561198145375872
76561198146190774
76561198146395805
76561198146573657
76561198146838248
76561198147201182
76561198147594438
76561198147970056
76561198148033977
76561198148379033
76561198148432976
76561198148551199
76561198148757905
76561198149311762
76561198149768346
76561198150048215
76561198150186576
76561198150340554
76561198150820587
76561198150907780
76561198151336736
76561198151594042
76561198151694750
76561198152013414
76561198152112532
76561198152192422
76561198152206111
76561198152486325
76561198152883957
76561198152986582
76561198153025525
76561198153226463
76561198153236059
76561198153505599
76561198153585372
76561198154144350
76561198154186672
76561198154642057
76561198154806770
76561198154871595
76561198155359379
76561198155780208
76561198156006014
76561198156097030
76561198156249821
76561198156309710
76561198156365941
76561198156796426
76561198156835244
76561198156927830
76561198156944036
76561198157277096
76561198157413443
76561198157539031
76561198157733764
76561198157991854
76561198158008038
76561198158659570
76561198158740550
76561198158782219
76561198158988036
76561198159015181
76561198159397550
76561198159811118
76561198159927318
76561198159954176
76561198160144563
76561198160325217
76561198160619432
76561198160934187
76561198160942074
76561198161203133
76561198161337439
76561198161539125
76561198161710750
76561198161855979
76561198162322389
76561198162356523
76561198163026180
76561198163042162
76561198163582832
76561198163629858
76561198164106702
76561198164205641
76561198164778755
76561198164973389
76561198165122447
76561198165179258
76561198165205163
76561198165209963
76561198165272524
76561198165298480
76561198165298575
76561198165367043
76561198165390645
76561198165410020
76561198165472084
76561198165697297
76561198165779138
76561198165867489
76561198165938103
76561198165970438
76561198165991131
76561198166125420
76561198166231872
76561198166447290
76561198166478646
76561198167064977
76561198167184907
76561198167234095
76561198167279536
76561198167705881
76561198167858410
76561198167964184
76561198168383170
76561198168541879
76561198168563753
76561198168780867
76561198168821326
76561198168898715
76561198169102834
76561198169107020
76561198169225559
76561198169809201
76561198169867945
76561198169916315
76561198170339729
76561198170345205
76561198170581629
76561198170637594
76561198171029231
76561198171455399
76561198171455473
76561198171600817
76561198171674062
76561198171816747
76561198172140233
76561198172223086
76561198172881514
76561198173012195
76561198173513563
76561198173731671
76561198174113299
76561198174367902
76561198174775843
76561198174907015
76561198174982153
76561198175007286
76561198175456962
76561198175847534
76561198176288778
76561198176446709
76561198176660157
76561198177236857
76561198177257131
76561198177405474
76561198177546941
76561198177635867
76561198177677431
76561198177866554
76561198177871130
76561198178046762
76561198178069250
76561198178250121
76561198178308207
76561198178309055
76561198178910651
76561198179494633
76561198179554590
76561198179776291
76561198180449175
76561198180515131
76561198180669457
76561198180717218
76561198180814179
76561198180902213
76561198181047294
76561198181226619
76561198181517623
76561198182045023
76561198182253326
76561198183226125
76561198183387429
76561198183764777
76561198184922905
76561198185082975
76561198185145121
76561198185158141
76561198185672210
76561198185698286
76561198185915918
76561198186103846
76561198186298435
76561198187771259
76561198188025303
76561198188128701
76561198189230898
76561198189703645
76561198190580521
76561198190941865
76561198191557490
76561198191583086
76561198191655151
76561198191768314
76561198191919963
76561198192384513
76561198192924739
76561198192993471
76561198192998557
76561198193754166
76561198194248182
76561198194297279
76561198194357233
76561198195138289
76561198195173441
76561198195200303
76561198195209946
76561198195354211
76561198195455022
76561198195585821
76561198196250409
76561198196317225
76561198196330087
76561198196533299
76561198196654437
76561198196814758
76561198196885766
76561198197103177
76561198197281417
76561198197316617
76561198197604855
76561198198071074
76561198198384677
76561198198685518
76561198199006295
76561198199225679
76561198199482678
76561198199704686
76561198200391838
76561198200416831
76561198200634769
76561198200706785
76561198200752211
76561198200801558
76561198200805055
76561198200866625
76561198200927707
76561198201033091
76561198201254883
76561198201298399
76561198201305710
76561198201348626
76561198201556895
76561198201694101
76561198201764725
76561198201956466
76561198201986083
76561198202348485
76561198202474938
76561198202532562
76561198202547511
76561198202638416
76561198202923266
76561198203363872
76561198203821413
76561198203855776
76561198204537713
76561198205092267
76561198205772628
76561198205814153
76561198206186147
76561198206347475
76561198206596200
76561198207031003
76561198207086097
76561198207462428
76561198207663881
76561198207770659
76561198207931736
76561198207972288
76561198207983353
76561198208036095
76561198208404020
76561198208663724
76561198208668720
76561198208727528
76561198208772872
76561198208999548
76561198209370544
76561198209646495
76561198209831488
76561198209922304
76561198210063992
76561198210480375
76561198210701552
76561198211436652
76561198212485009
76561198213101148
76561198213340033
76561198213605767
76561198213681221
76561198213897936
76561198214082061
76561198214140080
76561198214156271
76561198214262545
76561198214615824
76561198214623817
76561198214658731
76561198214947401
76561198214975769
76561198214987691
76561198215546165
76561198215753823
76561198215780709
76561198215887431
76561198216590937
76561198216651281
76561198216669943
76561198217165820
76561198217415639
76561198217493876
76561198217560691
76561198217570176
76561198217707995
76561198217826904
76561198217936479
76561198217957299
76561198218038971
76561198218472231
76561198218833440
76561198219981651
76561198220114743
76561198220172845
76561198220236791
76561198220318113
76561198220677675
76561198220886068
76561198221405616
76561198221943932
76561198223584112
76561198224331080
76561198224867564
76561198225280356
76561198225438120
76561198226217236
76561198226530364
76561198227234288
76561198227574816
76561198227677608
76561198228761248
76561198229446712
76561198229747036
76561198230353428
76561198230621924
76561198232222212
76561198232422512
76561198232621920
76561198232724736
76561198233250172
76561198233332244
76561198233483468
76561198234186656
76561198234645844
76561198234791668
76561198234978572
76561198236135318
76561198236338204
76561198236588026
76561198236642524
76561198237311782
76561198237645038
76561198238654128
76561198240159374
76561198240436754
76561198242010182
76561198242295268
76561198242365980
76561198242740574
76561198243364924
76561198243810604
76561198243863292
76561198244473984
76561198244768750
76561198244849518
76561198244856244
76561198245165454
76561198246004380
76561198246364732
76561198246844446
76561198246895918
76561198247520044
76561198249635318
76561198250281416
76561198250302904
76561198250653714
76561198250866472
76561198250975370
76561198251011672
76561198251044002
76561198251108696
76561198251198434
76561198251270940
76561198251353352
76561198251584024
76561198251843848
76561198251846898
76561198251942190
76561198252587892
76561198253113791
76561198253546883
76561198254354124
76561198254435929
76561198254542632
76561198254633661
76561198254782074
76561198255101331
76561198255555030
76561198255641485
76561198255753335
76561198255931613
76561198256226067
76561198256352118
76561198256525190
76561198256935754
76561198256938036
76561198257011770
76561198257213117
76561198257694942
76561198257789988
76561198257956529
76561198257956848
76561198257966887
76561198257976867
76561198258199123
76561198258264137
76561198258292446
76561198258723600
76561198258832832
76561198258952534
76561198259048644
76561198259225024
76561198259460414
76561198259747846
76561198259757442
76561198260191078
76561198260504432
76561198260529320
76561198260618247
76561198260743103
76561198261372057
76561198261664186
76561198261715829
76561198261794717
76561198262229416
76561198262315628
76561198262466605
76561198262507588
76561198262525853
76561198262531195
76561198262571773
76561198262622283
76561198262739107
76561198262769864
76561198262930083
76561198262940476
76561198262943944
76561198262966680
76561198262968892
76561198262990669
76561198263009600
76561198263072920
76561198263249308
76561198263331732
76561198263464470
76561198263474981
76561198263646212
76561198263785767
76561198263925810
76561198263967491
76561198265328779
76561198265950327
76561198266726996
76561198267919662
76561198267928931
76561198268453983
76561198268684734
76561198268716990
76561198268806683
76561198268901307
76561198269363953
76561198269933329
76561198271000984
76561198271063292
76561198271069357
76561198271258995
76561198271300988
76561198271306503
76561198271596376
76561198271606035
76561198271639560
76561198271768074
76561198271838449
76561198271958071
76561198271965383
76561198272030224
76561198272188295
76561198272313182
76561198272318452
76561198272400151
76561198272485613
76561198272604134
76561198272775160
76561198272839515
76561198272875463
76561198273406354
76561198273687612
76561198273718064
76561198273839764
76561198274099715
76561198274102263
76561198274379546
76561198274445947
76561198274855762
76561198275646536
76561198275759498
76561198276421029
76561198276990595
76561198277044712
76561198277536529
76561198277703912
76561198278256557
76561198278326528
76561198278622456
76561198278694202
76561198279335053
76561198279596970
76561198279896112
76561198280718583
76561198280723571
76561198280746845
76561198281587294
76561198281658450
76561198281710291
76561198281993833
76561198282562682
76561198282745638
76561198283667967
76561198284137763
76561198284248384
76561198285194169
76561198287578608
76561198288535716
76561198289592929
76561198290144096
76561198290999937
76561198292294937
76561198292694274
76561198292713470
76561198294510147
76561198294721559
76561198294892691
76561198295053243
76561198295412202
76561198297138308
76561198297449874
76561198297619765
76561198298652785
76561198298830576
76561198298944701
76561198299203835
76561198299225698
76561198299353247
76561198299753141
76561198299949330
76561198300036049
76561198300245803
76561198300351853
76561198300676928
76561198300758244
76561198300970368
76561198300972696
76561198301207544
76561198301582218
76561198301613539
76561198302276566
76561198302816789
76561198304075464
76561198305006467
76561198305758315
76561198305871823
76561198306530379
76561198307176527
76561198307426979
76561198307692186
76561198307738626
76561198307921044
76561198308028827
76561198308286387
76561198308371909
76561198308850267
76561198308908877
76561198309020828
76561198309143833
76561198309194240
76561198310113390
76561198310339303
76561198310815359
76561198310858843
76561198310891561
76561198311465143
76561198311514259
76561198311729329
76561198311917760
76561198312953554
76561198312961432
76561198313221116
76561198313277072
76561198313386876
76561198313410216
76561198313547935
76561198313762821
76561198313816428
76561198313851162
76561198313856910
76561198314007267
76561198314132086
76561198314282840
76561198314354417
76561198314828572